0
0
0
1
1
3
1
3
1
3
5
1
5
3
1
3
5
5
1
5
3
1
5
3
5
7
3
1
3
1
3
13
3
5
1
9
1
5
5
3
5
5
1
9
1
3
1
11
11
3
1
3
5
1
9
5
5
5
1
5
3
1
9
13
3
1
3
13
5
9
1
3
5
7
5
5
3
5
7
3
7
9
1
9
1
5
3
5
7
3
1
3
11
7
3
7
3
5
11
1
17
5
9
5
5
1
5
9
5
5
1
5
5
3
1
11
9
1
3
5
5
1
11
3
5
7
9
7
9
7
5
5
3
7
5
3
7
3
13
9
11
1
9
1
3
1
9
13
3
1
3
13
3
1
3
19
3
7
9
7
3
5
5
13
3
5
5
7
5
11
3
5
1
9
1
5
9
1
9
1
5
17
3
1
3
5
5
7
5
5
21
1
9
7
9
5
5
7
11
3
5
5
1
5
11
9
17
1
3
5
1
5
3
1
3
11
1
5
33
5
5
7
17
9
13
3
1
3
5
7
3
1
5
11
9
1
3
1
3
5
11
11
7
11
5
3
5
7
3
7
3
13
3
5
1
3
5
1
5
9
19
5
3
1
23
3
1
9
11
1
9
7
5
5
5
17
5
3
1
11
9
11
7
15
13
5
3
1
3
1
9
11
5
5
17
1
15
1
21
5
7
5
3
1
3
7
5
9
1
9
13
9
5
11
1
3
1
9
11
1
15
1
5
3
1
9
7
17
23
3
5
7
15
1
3
7
15
1
3
7
5
5
3
11
1
21
5
1
5
3
5
13
5
3
1
5
3
5
11
5
5
13
3
5
11
7
5
3
25
17
9
7
3
5
1
5
21
11
1
15
7
3
11
13
9
1
3
7
5
5
3
1
3
5
7
3
1
5
9
1
9
7
3
13
9
11
1
5
3
1
15
13
3
5
7
5
3
17
7
9
5
5
7
9
11
13
3
5
5
1
27
1
9
7
3
13
3
7
11
5
11
3
5
19
9
1
15
25
3
1
11
5
3
11
5
7
3
7
21
1
3
1
11
27
1
5
5
5
3
5
1
11
3
11
1
9
1
15
1
15
5
19
15
7
3
1
3
1
21
7
11
5
9
1
3
5
1
5
9
1
11
9
1
9
13
5
3
5
7
5
5
15
11
1
3
13
5
3
7
9
7
5
5
21
5
1
9
13
3
5
17
1
9
13
3
1
9
13
3
7
17
3
5
1
3
5
1
11
3
19
21
11
1
3
5
5
1
5
21
1
5
15
5
11
1
5
11
15
1
3
5
13
3
1
17
23
9
5
1
9
1
9
1
9
5
1
9
1
9
5
7
29
9
1
9
7
5
9
17
5
11
11
1
17
5
3
5
5
17
1
9
13
5
3
1
3
23
1
11
5
15
7
5
5
17
15
1
3
5
1
5
5
9
5
11
11
17
1
5
3
17
7
23
3
1
3
5
1
11
3
13
29
9
5
11
13
5
9
11
1
3
5
7
5
9
1
3
13
5
5
